| Contract               |   Runtime Size (B) |   Runtime Margin (B) |   Initcode Size (B) |   Deploy Gas |   Deploy Cost ($) |
|------------------------|--------------------|----------------------|---------------------|--------------|-------------------|
| BalancerSwapper_v1     |              7,344 |               17,232 |               7,824 |    1,547,040 |            154.70 |
| CurveSwapper_v1        |              8,256 |               16,320 |               8,505 |    1,736,250 |            173.62 |
| FxSaveEurcSwapper_v1   |              8,381 |               16,195 |               8,747 |    1,763,670 |            176.37 |
| FxSaveLbtcSwapper_v1   |             10,295 |               14,281 |              10,661 |    2,165,610 |            216.56 |
| FxSaveWbtcSwapper_v1   |              9,615 |               14,961 |               9,981 |    2,022,810 |            202.28 |
| FxSaveWstEthSwapper_v1 |             10,089 |               14,487 |              10,476 |    2,122,560 |            212.26 |
| OneInchSwapper_v1      |              6,818 |               17,758 |               7,298 |    1,436,580 |            143.66 |
| Swapper_v1             |              5,193 |               19,383 |               5,442 |    1,093,020 |            109.30 |
| UniV3Swapper_v1        |              7,854 |               16,722 |               8,220 |    1,653,000 |            165.30 |
| VeloraSwapper_v1       |              6,849 |               17,727 |               7,329 |    1,443,090 |            144.31 |
| WstEthLbtcSwapper_v1   |              6,955 |               17,621 |               7,321 |    1,464,210 |            146.42 |
| WstEthWbtcSwapper_v1   |              6,910 |               17,666 |               7,276 |    1,454,760 |            145.48 |
